1.900000000000000000e+03 3.000000000000000000e+04 4.000000000000000000e+03 4.830000000000000000e+04
1.901000000000000000e+03 4.720000000000000000e+04 6.100000000000000000e+03 4.820000000000000000e+04
1.902000000000000000e+03 7.020000000000000000e+04 9.800000000000000000e+03 4.150000000000000000e+04
1.903000000000000000e+03 7.740000000000000000e+04 3.520000000000000000e+04 3.820000000000000000e+04
1.904000000000000000e+03 3.630000000000000000e+04 5.940000000000000000e+04 4.060000000000000000e+04
1.905000000000000000e+03 2.060000000000000000e+04 4.170000000000000000e+04 3.980000000000000000e+04
1.906000000000000000e+03 1.810000000000000000e+04 1.900000000000000000e+04 3.860000000000000000e+04
1.907000000000000000e+03 2.140000000000000000e+04 1.300000000000000000e+04 4.230000000000000000e+04
1.908000000000000000e+03 2.200000000000000000e+04 8.300000000000000000e+03 4.450000000000000000e+04
1.909000000000000000e+03 2.540000000000000000e+04 9.100000000000000000e+03 4.210000000000000000e+04
1.910000000000000000e+03 2.710000000000000000e+04 7.400000000000000000e+03 4.600000000000000000e+04
1.911000000000000000e+03 4.030000000000000000e+04 8.000000000000000000e+03 4.680000000000000000e+04
1.912000000000000000e+03 5.700000000000000000e+04 1.230000000000000000e+04 4.380000000000000000e+04
1.913000000000000000e+03 7.660000000000000000e+04 1.950000000000000000e+04 4.090000000000000000e+04
1.914000000000000000e+03 5.230000000000000000e+04 4.570000000000000000e+04 3.940000000000000000e+04
1.915000000000000000e+03 1.950000000000000000e+04 5.110000000000000000e+04 3.900000000000000000e+04
1.916000000000000000e+03 1.120000000000000000e+04 2.970000000000000000e+04 3.670000000000000000e+04
1.917000000000000000e+03 7.600000000000000000e+03 1.580000000000000000e+04 4.180000000000000000e+04
1.918000000000000000e+03 1.460000000000000000e+04 9.700000000000000000e+03 4.330000000000000000e+04
1.919000000000000000e+03 1.620000000000000000e+04 1.010000000000000000e+04 4.130000000000000000e+04
1.920000000000000000e+03 2.470000000000000000e+04 8.600000000000000000e+03 4.730000000000000000e+04
